Session: 8754b507-a427-4e1e-9c86-ced693d53b79
Server: Dallas, US ASN 11427 Charter Communications Inc
{
  "timestamp": "2026-05-29T15:07:55.560Z",
  "session": {
    "id": "8754b507-a427-4e1e-9c86-ced693d53b79",
    "server": "Dallas, US",
    "asn": "11427",
    "isp": "Charter Communications Inc",
    "ipVersion": "ipv4"
  },
  "phases": {
    "baseline": {
      "latency": {
        "samples": 37,
        "min": 11.203856000000087,
        "p5": 14.110563799999909,
        "p50": 19.224038000000064,
        "p75": 22.568343999999797,
        "p90": 28.240413399999852,
        "p95": 29.246656600000634,
        "p99": 30.760850999999455,
        "max": 30.764540999999554,
        "mean": 20.086858324324247
      }
    },
    "download": {
      "latency": {
        "samples": 8,
        "min": 19.569895999999062,
        "p5": 21.900830199999017,
        "p50": 128.58746549999978,
        "p75": 169.52156899999954,
        "p90": 1031.2754564,
        "p95": 1938.4924026999993,
        "p99": 2664.2659597399997,
        "max": 2845.7093490000007,
        "mean": 454.4614416249997
      },
      "downloadMbps": 187.7939168
    },
    "upload": {
      "latency": {
        "samples": 41,
        "min": 9.363863000002311,
        "p5": 9.952616999999009,
        "p50": 11.920130999998946,
        "p75": 13.734932999999728,
        "p90": 15.537273999998433,
        "p95": 26.226926999999705,
        "p99": 170.91649520000016,
        "max": 237.39748999999938,
        "mean": 19.30729421951232
      },
      "uploadMbps": 9.2274688
    },
    "bidirectional": {
      "latency": {
        "samples": 39,
        "min": 9.302622000002884,
        "p5": 9.838105299997551,
        "p50": 11.879769999999553,
        "p75": 14.845273000002635,
        "p90": 21.814609000003838,
        "p95": 36.5732984000046,
        "p99": 1118.0110198399975,
        "max": 1768.3892780000024,
        "mean": 59.546106333333555
      },
      "downloadMbps": 228.4872616,
      "uploadMbps": 5.8720256
    },
    "cooldown": {
      "latency": {
        "samples": 14,
        "min": 11.081861999999091,
        "p5": 11.214342399999804,
        "p50": 14.39117250000345,
        "p75": 17.791475250001895,
        "p90": 23.87727479999813,
        "p95": 27.191961299998365,
        "p99": 28.715123459997848,
        "max": 29.09591399999772,
        "mean": 15.94240092857217
      }
    }
  },
  "bufferbloat": {
    "downloadIncreaseMs": 1017.1648926,
    "uploadIncreaseMs": 1.4267101999985243,
    "bidirectionalIncreaseMs": 7.704045200003929,
    "totalIncreaseMs": 1017.1648926,
    "totalGrade": "F"
  }
}
